744.194 150.126 574.996 362.442 699.391 14.639 48.664 237.047 563.917 947.732 47.670 396.503 882.701 66.039 94.730 551.269 423.753 739.106 615.557 480.257 
778.222 313.168 386.315 720.218 617.724 328.672 150.203 351.343 31.950 14.946 470.028 530.628 859.300 784.711 826.744 215.201 15.738 699.224 127.746 594.695 
533.895 618.114 588.848 617.016 323.866 275.535 750.663 245.319 704.809 68.651 593.623 571.689 96.142 437.565 571.380 168.916 56.080 617.283 299.361 951.745 
245.283 626.112 805.714 595.313 44.523 971.164 516.940 401.435 56.512 613.159 112.012 453.420 792.742 888.415 327.250 729.583 378.717 291.444 569.188 853.322 
761.744 987.061 42.973 231.735 109.971 493.993 674.144 669.153 406.286 391.613 607.660 642.204 788.524 360.285 533.848 106.017 41.089 868.547 253.754 108.026 
304.923 504.223 256.359 24.164 531.683 322.752 649.221 505.145 559.575 298.531 261.404 469.042 519.947 167.687 685.971 799.004 456.300 793.648 901.792 969.526 
851.108 578.114 667.456 393.396 474.843 588.387 919.514 249.188 336.303 167.952 22.450 777.880 570.881 692.444 202.536 472.055 126.979 873.044 218.564 272.679 
932.633 763.297 509.394 723.046 958.171 154.587 896.126 53.315 412.916 896.663 435.690 943.886 925.342 275.807 680.206 608.094 603.586 791.541 912.241 602.249 
412.237 836.003 713.785 687.826 519.658 189.872 332.083 107.007 746.736 14.169 209.366 822.484 105.339 109.024 981.034 514.168 604.819 361.206 242.550 780.809 
376.742 70.250 335.023 548.783 517.218 340.182 224.212 886.453 702.008 755.984 320.394 76.522 522.617 835.458 686.351 203.888 898.694 887.304 42.922 967.535 
919.656 291.599 465.077 473.694 381.206 849.614 209.763 532.368 548.742 298.362 168.470 484.208 16.288 943.612 496.067 6.808 611.112 789.154 811.930 848.051 
256.456 532.695 867.619 429.379 518.803 183.839 525.405 257.706 362.523 21.331 735.337 436.274 192.994 447.883 964.105 214.241 942.809 332.559 794.352 769.780 
803.646 77.491 669.331 538.591 970.620 904.427 630.031 270.747 191.371 773.376 175.825 572.961 866.868 539.404 465.163 235.886 135.528 813.176 659.320 738.394 
514.147 347.788 668.932 690.673 526.745 630.249 741.546 272.921 73.784 284.536 17.442 419.710 25.433 440.894 87.395 596.491 210.146 762.505 801.067 670.253 
206.324 959.149 815.440 210.761 136.414 4.819 663.143 822.945 856.870 45.543 449.469 800.503 160.721 230.669 558.160 4.031 865.944 414.227 754.821 641.627 
90.769 195.223 837.309 526.637 84.108 45.149 907.412 736.878 727.597 632.462 708.140 44.084 699.994 74.115 354.443 665.513 465.053 366.718 843.256 712.146 
930.187 589.270 475.643 607.107 745.673 939.935 269.571 821.280 633.292 387.244 832.675 268.934 816.317 785.879 876.627 88.821 855.236 598.008 775.477 518.214 
212.423 79.254 288.743 999.483 992.281 452.434 267.584 783.383 725.886 978.913 400.232 205.918 314.305 482.250 29.140 352.596 84.986 855.243 265.879 969.157 
839.105 510.479 239.373 750.999 409.859 991.403 557.839 217.586 743.498 46.838 408.836 465.842 351.413 645.939 524.633 409.138 917.868 384.193 358.879 643.078 
611.413 636.190 660.488 782.874 279.594 80.736 142.192 154.389 554.442 946.876 571.280 895.666 217.125 702.293 661.858 354.495 650.772 159.877 29.533 841.507 
685.695 520.912 230.056 739.646 623.720 332.393 579.335 866.591 442.151 494.406 338.266 376.232 329.025 40.989 684.797 324.515 833.865 139.942 876.041 350.971 
451.235 57.957 635.973 363.871 306.956 921.592 734.179 387.378 838.215 731.944 573.802 68.677 178.197 834.901 277.113 884.919 438.110 195.819 768.031 832.925 
954.066 870.335 645.159 470.072 927.402 478.580 617.144 352.604 358.367 447.518 645.072 466.010 743.167 189.812 888.491 925.064 548.267 936.700 16.736 650.134 
98.408 587.268 418.750 935.184 872.815 508.293 881.336 935.374 991.139 944.368 731.361 111.576 537.741 102.187 889.973 806.136 485.732 559.736 657.972 201.005 
75.311 54.753 83.713 266.109 609.866 644.077 624.074 429.607 997.959 357.047 146.878 635.378 726.181 57.876 447.678 623.892 773.059 210.263 743.973 69.856 
430.317 369.046 676.022 34.765 871.173 422.212 181.699 964.301 923.106 707.664 586.194 916.668 99.997 752.850 521.510 153.832 669.430 269.674 538.788 11.248 
567.424 635.101 270.398 305.934 95.829 173.972 993.226 866.633 853.478 810.721 272.976 838.019 887.348 959.159 542.806 691.899 691.226 702.234 970.648 893.787 
195.644 890.071 181.597 97.848 78.070 12.909 5.229 538.919 505.838 881.928 478.795 784.273 827.910 643.404 103.674 439.636 79.310 110.735 347.982 750.605 
921.804 757.285 933.265 505.416 348.187 513.465 828.727 193.115 485.474 896.636 527.293 964.097 162.510 944.122 61.425 894.876 216.379 648.947 455.598 714.681 
141.761 47.057 904.286 904.800 367.004 416.279 141.838 677.692 953.232 760.655 771.072 986.818 588.439 543.079 156.640 571.575 35.802 891.163 478.551 383.856 
986.742 300.778 995.717 362.864 285.386 327.924 967.829 643.584 86.372 93.268 950.856 601.182 626.532 268.103 916.788 892.711 330.478 158.025 86.458 934.511 
549.334 522.952 158.586 609.297 383.791 910.475 161.047 543.220 674.510 258.186 229.199 325.161 896.612 996.964 324.570 627.450 606.209 232.625 518.537 6.576 
832.394 539.300 872.857 70.254 199.475 757.217 362.438 749.807 569.847 390.486 867.339 402.063 929.299 0.766 170.765 364.800 768.514 322.808 33.178 327.687 
102.966 2.568 792.872 770.066 763.720 503.399 435.197 321.638 934.152 385.323 131.728 431.561 611.935 265.651 479.098 581.614 928.165 222.967 806.688 997.745 
689.877 58.598 8.722 933.218 850.046 530.909 158.068 582.705 136.293 114.158 173.745 599.601 327.885 502.286 223.237 114.573 481.043 23.494 419.519 195.427 
218.848 109.382 833.151 319.367 944.921 564.628 751.663 485.265 863.764 278.184 471.123 336.953 674.482 838.190 930.867 241.566 850.300 784.346 161.394 165.590 
24.975 302.393 923.615 258.794 612.046 987.556 541.444 844.294 798.276 539.899 859.873 873.096 919.214 181.847 261.448 254.999 485.527 69.505 698.123 466.778 
988.845 909.356 926.343 800.650 510.901 115.187 511.043 5.201 113.020 48.584 978.644 270.014 616.603 31.821 594.691 56.968 665.774 690.252 704.351 235.935 
113.567 964.180 900.017 658.469 266.254 413.427 741.345 233.353 663.515 186.674 184.312 2.962 656.751 634.805 40.221 735.207 900.629 759.695 221.774 826.070 
372.251 431.069 856.830 524.331 737.750 650.385 549.397 948.817 452.869 707.409 540.777 74.360 10.180 4.781 817.257 140.881 712.091 16.186 892.108 493.974 
905.082 684.212 39.168 634.555 442.893 346.990 377.246 840.047 398.853 359.701 298.553 951.042 226.907 899.580 240.520 86.646 146.360 112.948 962.457 784.748 
719.638 192.553 321.867 450.901 746.044 40.487 707.465 809.170 805.176 17.662 754.646 471.859 394.437 358.610 56.313 58.269 358.014 270.378 891.957 314.661 
6.453 870.074 315.051 427.330 480.868 705.776 783.396 647.788 460.717 500.718 740.600 874.491 942.030 155.519 23.338 466.309 584.591 317.443 651.408 616.387 
476.559 653.721 446.926 900.009 130.296 971.574 367.972 496.858 527.096 243.703 554.729 915.784 385.025 356.392 751.189 381.866 755.818 833.661 226.709 388.379 
888.539 156.775 693.084 824.536 806.046 477.738 814.743 890.784 358.506 972.374 827.241 327.266 740.831 968.231 449.397 110.501 287.134 620.137 308.967 840.935 
876.090 310.738 203.399 398.379 676.498 561.237 183.030 306.994 535.277 810.505 586.394 72.844 54.095 948.500 817.582 850.210 82.512 244.605 367.119 74.025 
939.208 189.265 950.945 92.069 301.460 636.585 847.014 87.310 996.612 862.395 915.762 187.230 269.799 576.597 564.161 115.478 424.455 898.625 294.458 935.832 
787.177 70.688 499.525 853.775 742.831 984.922 818.278 923.440 243.109 128.048 506.934 671.212 899.813 685.365 77.469 69.934 487.559 18.680 836.194 565.029 
103.550 3.971 96.667 548.817 420.230 657.279 352.019 930.525 769.267 547.959 537.997 242.911 718.849 991.540 168.752 833.253 540.653 742.863 245.244 694.352 
42.213 509.359 299.421 747.048 492.898 327.218 314.720 125.754 978.318 572.443 343.127 891.964 923.181 374.450 874.518 825.371 296.167 247.675 584.804 101.917 
77.495 464.296 389.936 402.406 473.489 137.808 212.707 720.339 87.907 686.059 160.594 174.235 178.099 302.916 446.722 3.381 122.064 900.225 334.065 948.260 
881.375 564.406 925.302 95.264 788.821 808.323 596.900 622.723 695.736 346.812 638.090 309.270 662.643 664.691 89.189 925.818 960.083 637.840 190.792 377.942 
402.267 556.798 760.850 846.648 106.098 491.428 13.635 194.422 998.689 453.447 348.742 595.137 460.264 57.685 502.735 987.311 453.708 977.561 783.970 881.520 
880.028 436.079 181.767 448.863 530.622 467.403 851.568 396.395 385.017 154.787 452.144 847.655 486.549 465.401 465.973 296.674 558.221 43.488 449.155 632.557 
933.927 708.381 163.297 25.015 203.841 580.043 858.365 960.194 868.819 5.331 150.358 446.946 403.220 93.860 0.604 599.109 605.698 755.912 408.161 929.536 
261.912 863.496 306.883 52.000 802.567 857.933 802.213 709.378 876.676 871.456 599.585 558.114 329.965 692.020 931.262 241.047 398.371 930.828 554.558 218.805 
226.005 805.833 168.595 523.051 140.537 229.070 522.201 786.414 991.061 893.691 496.948 781.519 789.881 400.989 964.316 272.932 132.467 981.504 993.285 915.607 
781.435 519.561 994.637 352.142 877.768 317.427 116.836 981.220 402.411 104.385 777.250 553.798 245.186 112.768 536.138 71.819 735.331 989.482 114.190 516.242 
427.677 605.201 183.844 592.984 183.675 628.620 628.998 988.955 177.960 547.555 547.168 925.508 369.503 117.548 784.364 565.544 667.709 609.210 544.494 676.285 
717.447 663.623 158.501 794.126 621.477 215.895 365.096 624.535 947.965 749.002 764.947 190.359 618.469 931.472 739.436 156.778 475.922 497.360 95.175 942.887 
826.624 464.353 491.988 336.162 33.894 721.534 513.992 443.241 987.850 209.149 915.219 666.350 447.502 618.795 541.402 420.282 259.886 610.281 59.719 58.474 
497.633 574.866 934.787 795.143 598.336 626.220 275.525 976.110 887.689 898.038 844.777 659.602 377.977 903.519 557.754 385.121 949.582 475.293 501.761 997.834 
490.508 370.198 489.568 544.722 718.227 888.049 732.399 28.095 218.490 605.943 842.114 804.791 955.331 450.874 993.405 991.599 410.445 273.399 641.172 917.178 
303.688 783.822 232.454 2.067 450.880 0.467 34.940 507.041 460.726 656.523 371.214 900.352 165.872 656.300 333.860 806.904 930.724 735.772 434.848 139.041 
956.467 264.943 353.569 731.261 26.627 92.451 559.011 100.996 226.094 847.614 365.574 31.690 488.862 289.497 935.007 288.092 981.699 812.296 123.519 880.869 
123.128 299.161 606.081 4.518 620.325 952.561 328.524 378.160 389.491 130.395 28.849 946.142 916.083 951.929 855.859 549.919 265.976 978.454 700.345 63.631 
584.278 327.136 138.483 369.536 886.782 160.452 726.362 635.072 427.322 406.883 456.216 141.327 367.386 828.967 53.730 86.293 820.985 502.875 257.461 16.359 
26.488 215.935 22.318 449.195 446.587 82.385 249.079 989.545 749.851 578.979 801.129 688.401 811.672 237.564 332.166 316.165 860.353 442.534 57.924 486.053 
854.802 85.621 809.442 103.267 335.015 362.571 733.433 607.028 182.600 919.032 352.764 679.765 146.102 214.862 982.778 395.116 935.538 541.068 32.342 323.351 
48.553 372.473 408.925 376.476 854.918 753.743 435.094 130.966 290.479 223.290 257.761 52.208 780.107 713.743 548.522 817.529 434.525 173.606 402.005 34.325 
750.044 873.853 50.663 532.766 798.367 351.712 952.528 848.656 827.684 632.063 961.990 356.058 442.692 216.529 91.773 492.926 616.574 699.650 336.427 727.633 
520.074 370.039 304.113 40.250 36.806 627.615 430.236 68.493 301.007 386.545 443.507 806.151 329.675 628.678 765.803 554.106 653.726 700.812 201.302 496.642 
212.799 206.411 528.864 749.670 984.619 335.282 789.201 849.373 215.909 449.731 406.947 54.200 277.933 265.796 106.848 399.484 771.069 612.502 371.937 666.824 
346.443 333.077 130.787 67.831 828.963 731.459 619.302 997.685 507.990 538.828 297.024 492.496 388.925 161.816 52.754 262.661 564.366 151.831 631.448 374.528 
379.452 240.486 368.140 406.083 75.831 599.158 958.724 150.762 230.372 137.198 31.021 299.114 800.286 875.135 6.725 501.488 373.362 147.915 185.886 121.843 
95.399 959.084 740.296 929.069 874.693 669.124 820.562 523.253 491.978 621.676 675.383 847.289 375.939 581.631 876.603 296.303 83.743 688.954 240.577 770.932 
850.038 216.900 282.421 610.460 930.545 16.522 891.861 556.455 975.036 162.443 857.908 499.110 447.214 343.775 347.525 217.552 502.312 38.893 4.287 820.074 
488.076 688.540 892.471 372.931 216.133 781.231 586.106 991.377 902.493 386.199 258.950 474.716 485.782 289.249 483.188 961.700 744.324 201.384 257.506 794.227 
987.682 639.920 740.152 614.522 150.820 308.606 734.455 366.740 453.555 595.261 507.453 528.381 444.066 823.190 945.716 865.807 213.514 101.840 958.974 820.823 
806.017 884.389 176.507 653.767 758.936 560.443 137.102 83.457 786.346 742.106 180.149 907.029 708.063 249.033 180.623 948.510 220.607 517.629 300.856 454.791 
375.780 583.844 891.895 858.745 630.328 855.668 319.130 999.510 782.054 677.342 923.356 411.808 396.261 453.375 684.695 717.714 575.532 455.554 910.099 672.489 
512.764 612.313 880.567 527.852 831.358 83.897 396.603 20.449 179.796 961.710 340.068 859.605 174.568 996.545 148.603 735.995 814.621 670.592 301.941 706.460 
271.804 931.687 312.240 192.376 925.350 606.983 956.382 505.941 852.439 774.032 346.390 442.534 615.195 541.441 269.106 857.901 28.522 807.564 288.106 274.673 
902.352 904.100 348.705 383.542 543.845 945.918 729.708 645.322 694.369 343.287 445.911 375.577 963.054 247.280 139.750 632.283 107.685 80.890 665.865 939.437 
971.295 153.008 143.498 581.379 649.614 809.293 139.561 751.957 786.164 133.647 14.890 193.438 817.080 827.750 457.368 469.944 223.653 706.173 289.346 896.966 
893.349 197.959 990.211 104.925 685.029 697.097 616.363 111.415 890.797 563.583 664.984 978.335 978.702 974.648 382.497 317.302 884.080 394.895 37.954 528.550 
201.259 834.668 503.254 229.298 995.821 34.016 448.741 341.706 691.983 404.066 955.975 512.302 466.192 240.816 843.045 589.468 95.470 452.177 365.627 48.209 
852.114 218.492 120.288 151.058 65.357 272.331 257.219 751.920 189.829 207.959 935.276 562.183 806.024 693.377 339.105 59.345 339.185 662.699 187.905 302.562 
531.671 270.901 551.168 473.785 660.915 465.021 501.459 762.076 512.357 241.908 32.885 347.144 504.343 466.871 811.227 759.183 653.650 525.005 788.199 911.170 
580.246 773.069 131.307 839.549 171.673 348.671 877.649 976.206 547.757 269.877 900.685 360.254 256.744 547.442 847.504 328.100 52.339 442.590 920.214 335.208 
856.145 58.162 4.027 463.676 946.095 32.567 609.677 972.478 205.823 463.374 49.394 68.815 330.065 369.208 873.377 979.590 807.352 734.886 141.107 828.549 
14.865 790.980 787.922 369.501 915.539 573.368 449.834 232.100 727.844 847.219 350.606 683.969 912.554 386.462 412.776 574.967 81.313 359.129 943.483 157.447 
256.792 684.697 31.138 735.621 112.923 308.206 974.269 336.085 952.181 790.884 219.250 106.874 516.735 810.817 901.924 929.110 317.527 397.153 445.045 292.664 
753.295 242.619 599.101 107.926 27.592 232.256 964.840 664.340 810.009 832.216 363.458 718.321 170.443 696.199 250.516 56.864 473.279 529.815 825.590 12.465 
521.071 990.751 329.845 514.827 899.974 333.588 385.997 157.456 173.463 959.292 664.523 601.183 962.865 237.022 490.091 92.760 63.251 896.197 370.461 247.634 
989.025 61.045 508.889 387.526 41.683 712.091 155.974 333.816 763.345 748.251 19.511 728.710 90.724 699.473 388.805 685.499 883.249 286.681 130.894 134.166 
457.621 538.320 978.000 343.607 279.948 746.882 375.861 157.919 88.766 360.666 325.174 735.546 267.813 439.228 289.854 243.372 818.838 363.250 631.453 181.882 
68.951 527.810 633.747 889.959 578.929 317.203 661.063 250.910 207.905 779.997 331.888 831.675 573.543 117.768 929.183 798.780 861.899 364.855 402.070 326.660 
689.409 381.658 379.961 739.571 768.526 159.534 876.946 834.019 414.548 211.006 963.812 780.344 999.140 620.672 409.599 531.870 971.062 661.152 164.597 512.727 
128.741 105.268 175.395 209.851 380.242 206.313 114.130 618.903 242.703 174.486 166.651 806.161 387.157 418.616 859.637 865.948 861.223 860.124 205.448 217.406 
681.624 940.676 435.584 202.897 646.700 559.867 778.820 223.631 102.036 226.040 246.165 271.047 160.608 77.371 542.035 344.141 541.350 194.188 382.975 756.890 
708.052 384.075 16.944 320.273 547.269 705.809 39.257 95.917 699.177 695.761 826.420 417.671 656.785 728.686 192.949 759.769 700.325 568.758 17.324 107.660 
750.998 824.854 387.315 247.216 508.079 97.717 706.344 319.412 161.183 996.280 595.052 68.152 74.531 180.773 468.591 987.114 326.229 948.666 14.177 519.882 
116.340 147.157 599.540 353.342 377.536 369.950 152.930 422.130 131.258 317.328 394.539 646.114 623.792 338.954 89.992 320.926 183.941 655.689 140.052 841.469 
60.824 353.344 670.121 879.934 659.136 998.052 675.426 694.703 860.373 499.340 244.539 761.498 59.027 661.232 518.898 809.100 7.594 289.064 123.340 597.810 
380.943 821.271 552.860 467.314 178.294 270.290 599.588 391.822 512.122 462.552 613.818 370.284 189.443 486.489 49.387 410.854 893.715 851.488 935.549 327.465 
310.350 897.938 731.522 90.762 247.185 457.788 88.008 608.728 828.635 244.102 641.937 716.332 87.447 600.226 616.827 467.099 595.276 98.984 324.587 432.311 
579.795 286.246 727.378 840.637 863.552 956.702 900.648 670.075 40.608 355.607 570.714 194.115 979.704 999.049 524.519 882.931 404.483 883.070 36.450 630.453 
51.952 573.794 604.162 783.198 911.752 243.716 402.664 991.248 163.628 319.616 283.121 943.394 548.331 979.844 466.802 571.980 777.065 231.355 432.254 892.643 
535.965 148.974 317.477 405.387 638.305 673.527 347.281 679.504 890.457 303.955 1.203 810.945 692.925 520.413 12.738 272.859 595.062 355.756 959.650 556.466 
763.646 333.773 468.687 340.568 86.974 793.305 175.785 44.968 235.792 399.513 455.850 970.903 154.030 758.547 675.921 97.976 573.885 785.043 779.045 278.993 
828.442 143.580 323.847 453.376 905.977 220.172 942.092 298.070 96.804 838.260 7.377 481.319 284.355 483.924 511.518 713.199 116.261 461.105 893.352 918.860 
95.411 973.428 34.376 414.387 300.837 661.166 76.311 394.709 833.366 343.477 786.683 687.775 906.267 69.615 743.664 687.991 577.840 46.154 992.024 400.707 
590.425 6.525 377.306 318.402 820.396 587.599 679.559 198.994 347.500 952.929 371.137 221.884 851.221 601.669 866.371 242.215 494.757 125.579 589.632 486.500 
827.041 716.796 623.520 801.912 970.128 109.340 969.486 914.121 524.736 612.333 185.149 150.779 475.074 802.338 579.485 361.276 371.853 676.938 427.770 715.031 
763.879 734.594 710.724 536.671 353.947 432.886 661.012 349.291 834.146 154.884 310.808 310.942 814.685 211.719 521.066 524.381 962.511 440.377 857.381 694.708 
623.037 610.933 704.789 908.502 660.022 721.780 56.743 148.852 810.981 21.933 662.547 371.894 754.711 692.747 225.214 575.824 747.128 219.602 296.945 83.020 
586.563 170.649 335.372 512.104 547.736 410.194 976.889 513.610 320.564 104.859 412.612 318.490 646.513 372.643 232.906 875.755 704.540 722.272 452.234 24.023 
521.184 739.378 15.976 593.968 372.086 640.967 286.047 294.862 581.365 23.946 557.326 723.810 335.319 427.734 695.134 170.073 960.067 825.019 738.032 327.131 
210.636 675.985 396.093 916.404 884.752 789.421 884.072 165.783 385.153 409.417 505.413 393.338 633.947 157.402 692.862 789.224 786.555 966.867 411.961 944.642 
155.304 691.077 593.252 821.527 40.397 549.284 153.023 950.571 911.530 728.270 387.510 616.551 913.154 671.265 19.569 334.447 701.124 368.504 365.691 351.376 
965.964 118.318 347.325 766.260 218.292 436.488 967.552 282.478 344.463 628.807 118.696 808.231 734.992 972.836 747.724 628.996 281.718 250.922 830.183 659.432 
879.567 726.552 634.825 925.052 679.668 165.845 334.171 976.023 381.366 309.232 473.608 982.971 128.128 645.079 486.098 899.138 871.063 287.729 440.582 614.977 
71.600 943.020 170.373 947.532 492.843 510.702 518.881 912.242 109.284 607.337 864.522 697.397 843.944 386.186 388.187 769.333 357.294 393.127 365.508 604.146 
545.206 71.370 675.738 466.455 498.049 728.477 297.431 475.970 666.107 39.311 67.724 907.089 259.418 380.517 569.535 65.386 589.492 418.998 64.868 363.744 
887.679 675.355 339.775 935.061 432.302 832.443 611.491 165.335 129.839 887.942 608.695 982.011 738.442 676.506 90.618 54.663 594.649 998.008 253.380 99.051 
693.944 277.282 763.078 956.002 371.746 379.233 273.316 120.558 169.407 993.155 863.505 578.313 677.931 592.350 714.374 125.982 405.617 749.656 186.674 367.407 
983.008 317.660 361.631 116.231 920.035 205.813 351.777 892.637 528.998 748.669 755.841 982.828 39.162 412.725 761.283 499.845 696.451 398.029 384.598 996.814 
469.438 29.458 785.291 878.718 160.445 667.854 889.975 572.493 698.640 214.518 57.327 821.662 45.523 629.460 863.415 37.263 989.119 936.385 8.384 411.388 
39.297 44.983 51.860 196.791 907.559 75.149 614.923 897.515 306.450 500.561 523.866 183.854 446.525 565.291 356.779 782.657 694.441 257.367 447.247 871.029 
806.203 354.491 974.259 172.975 770.333 13.240 335.016 713.371 468.468 351.815 685.405 143.137 909.266 838.951 636.854 577.314 610.774 807.094 618.264 207.535 
655.075 432.862 419.232 98.167 189.246 778.113 777.466 877.791 619.036 790.554 291.573 272.177 881.736 329.074 868.822 908.832 943.807 206.809 613.100 599.638 
532.880 298.970 31.490 905.432 471.430 464.438 194.457 33.957 490.016 943.807 844.060 758.614 9.567 616.940 570.199 323.372 673.137 924.718 736.880 337.909 
227.599 924.494 845.464 697.392 314.240 762.173 843.784 116.206 15.650 879.814 650.075 776.737 606.975 624.868 810.524 96.621 826.270 285.709 233.240 940.558 
604.676 857.389 170.708 41.946 869.898 401.050 540.203 849.071 458.556 41.719 146.120 681.080 522.409 726.069 182.940 197.791 829.263 253.076 421.190 687.489 
476.408 470.363 376.307 79.799 908.661 576.936 891.113 515.961 118.673 239.471 720.809 700.052 986.951 425.246 378.941 612.537 402.743 246.713 701.810 932.597 
926.204 231.291 47.492 296.540 504.771 249.168 381.755 824.764 915.706 794.597 410.078 222.184 640.267 377.363 451.874 58.930 348.552 9.921 89.391 197.790 
363.843 760.449 76.817 171.285 937.869 22.120 8.322 309.806 491.582 402.643 518.024 272.745 57.052 564.187 989.483 560.936 35.948 430.391 634.204 877.247 
182.960 484.773 953.892 687.754 620.780 351.812 165.050 213.196 918.428 653.257 340.047 30.266 646.748 343.939 749.522 87.749 784.080 400.873 287.142 179.159 
19.709 286.101 992.812 922.632 565.092 356.973 528.638 741.089 48.851 739.736 810.862 234.081 448.736 985.096 458.482 374.519 351.310 435.363 859.488 54.328 
484.541 795.744 171.300 305.599 819.126 322.779 176.822 261.791 739.148 303.251 322.206 465.774 858.603 998.062 161.888 852.630 827.667 322.037 746.058 887.879 
24.878 484.863 132.067 680.601 471.044 722.490 712.471 22.340 64.125 255.514 224.351 726.321 237.495 388.070 717.375 556.200 964.568 119.782 531.708 348.145 
14.296 266.697 481.781 673.692 551.500 910.278 337.763 558.074 316.731 413.782 986.932 490.424 454.968 759.325 296.695 272.197 863.100 393.473 28.114 875.415 
216.371 997.538 689.509 189.785 471.516 944.082 740.160 908.420 613.608 362.849 609.506 466.690 10.878 814.667 336.414 245.802 46.939 322.049 988.586 506.138 
599.761 514.363 671.123 709.698 217.488 836.570 208.600 649.671 328.911 863.409 724.359 212.322 423.197 283.241 838.693 816.088 491.892 959.523 187.449 367.027 
13.628 414.827 218.059 727.960 302.544 810.496 23.519 956.703 135.792 109.883 817.201 252.480 27.474 331.657 731.486 921.883 935.705 254.001 403.520 507.613 
995.320 561.212 262.065 570.060 148.362 223.145 690.019 165.864 381.383 55.962 512.895 279.525 271.537 952.829 481.111 348.377 699.846 718.587 730.116 613.118 
67.334 52.602 184.453 878.349 418.459 828.919 734.528 444.765 737.445 365.476 628.421 22.219 452.056 838.057 633.488 42.705 980.759 568.327 163.175 871.268 
509.782 202.242 986.169 140.802 712.366 428.981 146.645 614.921 92.143 991.809 825.826 385.732 373.984 825.617 769.016 304.214 293.948 342.322 141.121 219.777 
698.546 191.494 420.394 719.547 960.607 738.815 837.380 997.519 297.418 29.640 815.345 482.144 186.375 464.741 965.022 45.219 370.537 350.228 257.854 414.968 
499.025 958.092 365.778 718.775 970.103 282.070 288.624 114.837 815.119 189.170 862.322 835.320 400.923 46.449 356.145 333.105 512.003 135.694 988.927 841.047 
723.959 48.699 635.277 443.502 651.681 92.603 342.072 113.354 4.400 720.854 834.753 144.586 745.696 816.646 476.005 359.401 626.984 599.761 777.748 863.275 
553.335 54.651 742.687 637.598 119.844 225.919 285.966 999.873 992.615 421.411 779.827 236.811 628.777 346.962 450.093 407.241 732.096 564.584 777.703 159.351 
416.040 441.900 353.818 872.748 162.370 776.333 780.859 862.873 330.069 61.448 890.551 266.772 535.761 880.939 589.196 371.535 367.066 620.875 502.628 898.766 
964.514 50.381 536.484 636.794 707.587 177.702 528.990 422.023 950.338 947.418 469.204 665.435 935.010 180.495 944.016 745.537 318.909 601.373 233.119 386.236 
150.331 794.947 494.288 881.191 295.609 421.531 210.603 300.173 163.592 784.908 639.053 511.709 191.536 177.057 42.967 845.840 211.112 124.739 706.322 938.716 
553.635 112.353 438.547 685.383 665.734 689.611 772.269 844.051 403.499 636.660 593.639 576.502 907.290 693.065 266.483 302.924 156.617 627.215 344.030 751.625 
697.023 673.381 760.082 553.638 839.999 769.056 264.334 450.188 637.777 974.253 622.858 546.806 2.583 452.364 144.613 32.333 747.840 749.592 45.451 350.180 
915.554 886.316 605.117 625.421 58.836 892.938 574.285 133.954 31.896 388.276 798.720 603.740 95.132 883.559 830.724 504.365 53.174 82.528 213.016 670.257 
710.288 148.436 795.735 747.121 81.304 462.665 274.059 600.105 824.654 970.333 475.998 574.951 567.686 907.636 244.672 486.533 65.580 785.525 323.514 840.755 
215.529 434.132 808.407 308.707 832.733 582.040 958.086 488.723 229.887 689.566 512.454 777.420 483.989 726.587 33.430 842.517 315.855 581.331 893.473 910.389 
415.693 438.349 720.648 337.991 775.175 413.741 440.308 331.325 899.581 983.029 184.410 71.063 472.554 333.023 769.721 84.401 777.436 531.681 231.687 412.569 
157.942 173.893 556.868 914.822 930.536 976.993 751.103 274.675 881.045 254.936 556.873 333.468 347.687 784.235 733.418 126.230 156.881 997.602 573.565 877.192 
795.440 588.044 25.743 140.633 153.585 780.649 91.567 743.058 537.342 904.880 7.671 66.900 453.938 59.400 374.022 680.450 970.867 588.498 137.920 621.851 
193.153 382.474 149.741 254.555 489.404 208.308 532.657 397.455 682.417 950.806 409.777 64.116 935.865 683.159 851.772 887.457 301.194 473.295 956.605 402.767 
702.201 55.925 948.225 252.156 101.500 394.476 177.307 6.095 800.139 788.044 411.975 529.172 238.271 697.569 508.892 747.459 731.560 761.209 855.964 761.737 
831.766 203.090 898.812 331.521 169.186 270.105 393.272 415.397 428.286 652.524 430.260 980.003 15.656 24.196 724.663 691.034 134.437 837.493 616.440 761.077 
828.008 684.806 439.513 311.200 287.859 634.259 361.093 128.910 229.929 913.709 533.113 185.848 400.086 736.311 125.901 276.799 913.021 530.412 198.574 29.678 
598.014 458.953 551.667 593.263 16.075 657.503 746.704 487.091 451.019 828.888 27.448 583.937 367.777 702.164 949.082 668.879 378.671 220.352 844.659 799.173 
559.661 246.613 400.413 503.368 566.129 238.117 768.232 554.715 882.935 214.465 572.932 802.663 147.680 754.998 265.807 115.090 689.093 608.492 494.681 916.396 
571.511 797.353 854.299 412.554 107.260 428.350 602.602 961.232 810.786 772.541 967.980 863.480 147.585 603.328 238.097 453.758 616.613 243.863 462.513 398.752 
172.902 31.030 510.110 983.098 370.495 241.075 998.100 225.875 388.519 735.103 133.069 657.406 370.909 199.447 856.174 381.392 317.652 367.639 314.973 836.898 
53.371 538.503 714.174 567.859 654.873 35.574 877.448 975.549 688.692 411.809 192.929 943.783 417.526 878.943 993.574 138.584 432.432 870.725 487.926 355.522 
106.357 575.259 230.046 579.314 255.549 304.074 903.240 339.695 651.877 796.568 11.235 568.915 474.757 577.010 378.564 393.492 416.903 225.732 287.141 559.609 
911.036 918.621 886.801 990.582 245.930 741.600 649.811 299.565 816.201 342.007 169.556 571.155 38.742 745.735 114.293 976.728 815.436 870.357 655.543 180.394 
539.326 663.713 38.369 613.842 958.195 903.293 937.788 513.352 228.333 4.434 947.047 340.273 967.751 318.301 924.652 4.843 703.189 749.564 670.235 748.123 
34.597 577.345 850.312 949.354 923.755 127.789 135.267 984.753 466.551 972.660 134.722 970.841 45.516 482.529 558.357 433.997 720.073 397.363 582.252 815.334 
296.033 378.387 318.488 431.460 143.894 756.265 213.587 745.216 447.760 68.961 80.612 421.144 457.560 17.139 303.112 172.990 465.165 876.617 24.678 832.972 
79.727 505.080 536.513 707.541 647.548 660.135 896.085 366.668 177.296 615.804 442.548 861.999 681.720 896.433 564.024 328.520 948.166 539.628 241.981 704.459 
829.814 209.632 458.306 989.255 767.385 456.672 633.525 189.273 442.085 693.614 240.077 531.223 542.037 428.409 830.830 912.221 537.757 931.133 610.864 921.022 
633.515 614.654 715.166 961.968 403.372 343.827 22.830 881.533 282.130 731.272 517.771 317.102 433.982 180.160 416.319 74.474 569.706 815.889 381.060 132.041 
391.118 99.584 156.784 128.358 746.017 642.444 838.166 561.687 726.330 594.124 142.099 967.792 699.290 935.716 857.959 248.946 327.202 941.934 928.292 205.193 
644.856 499.164 47.327 470.455 527.143 81.920 941.466 602.845 359.894 547.894 882.727 848.885 315.246 760.723 650.192 63.535 57.353 159.561 99.188 624.693 
559.910 431.212 844.648 86.253 387.347 657.339 700.261 944.714 839.618 354.065 724.542 879.171 406.436 428.020 32.842 990.470 572.573 968.908 85.080 450.375 
240.653 47.696 871.073 537.300 45.757 589.815 309.596 818.623 979.345 658.278 369.103 807.592 396.631 748.438 502.350 646.099 47.310 744.894 895.741 109.927 
575.475 859.835 346.436 432.135 893.876 874.724 283.982 841.255 273.575 307.402 13.031 138.653 149.411 142.174 262.960 131.573 152.826 258.908 162.548 963.706 
468.811 769.152 764.234 857.136 757.173 510.296 711.939 456.550 476.932 912.196 613.799 995.751 352.638 570.884 233.237 972.711 586.694 273.257 661.860 589.586 
414.647 673.022 690.444 678.553 550.295 597.289 842.474 998.163 676.400 510.587 233.230 816.883 757.350 418.715 496.354 899.752 302.190 426.390 487.422 695.824 
599.415 512.774 363.119 824.698 81.252 359.756 975.647 241.712 162.156 735.193 605.075 836.456 581.576 988.763 117.388 690.939 765.501 107.910 254.043 405.226 
693.253 269.653 274.401 730.318 414.138 422.949 700.317 258.977 476.214 305.161 641.424 9.782 63.350 438.005 264.856 991.929 637.770 887.931 233.109 954.031 
305.784 887.602 189.055 414.970 402.852 358.645 234.830 366.132 621.644 690.342 266.123 712.753 643.470 581.824 812.781 729.856 53.573 414.750 969.993 926.416 
795.061 240.812 238.805 449.833 576.464 607.559 871.667 930.447 927.140 483.812 884.158 691.176 706.171 789.690 599.414 319.798 73.157 222.640 335.553 117.562 
764.330 329.837 221.668 723.011 37.568 174.879 649.979 194.357 609.570 409.111 835.381 49.883 317.043 471.180 170.439 724.677 116.059 314.584 564.037 548.239 
403.655 829.682 20.820 1.800 433.715 827.521 309.242 82.185 419.833 442.541 655.560 141.268 401.297 674.079 625.539 250.775 511.485 864.641 268.319 514.265 
345.060 145.482 711.270 921.424 630.500 324.551 819.524 866.333 570.621 972.109 491.546 21.106 96.610 613.144 769.502 723.568 675.484 98.474 80.098 549.784 
224.911 520.157 367.759 956.611 408.038 7.219 258.978 945.765 296.111 644.576 95.674 231.117 668.259 18.657 400.350 941.715 107.847 517.133 96.899 154.339 
527.600 184.894 826.011 872.217 818.459 458.494 74.073 199.665 381.250 847.859 672.936 291.065 695.723 951.575 860.516 934.794 868.179 197.688 667.270 817.990 
151.095 804.695 575.736 796.973 161.323 343.735 348.152 62.646 371.365 728.540 735.191 148.537 471.684 902.617 101.710 104.899 981.447 745.386 394.630 161.570 
996.026 375.118 298.364 378.295 718.304 438.143 976.877 33.300 144.675 419.822 107.918 245.574 883.370 573.848 128.037 580.148 81.216 972.311 973.157 548.477 
11.470 536.724 291.726 420.713 140.709 377.441 479.423 66.977 669.009 413.255 162.022 956.920 662.908 814.787 62.121 598.215 917.028 861.162 938.440 447.059 
136.493 79.036 279.438 927.390 981.902 977.732 860.057 744.648 693.688 27.728 28.455 539.925 212.989 57.924 55.921 21.599 400.981 185.091 901.071 171.335 
797.671 802.924 223.939 401.595 238.588 253.892 534.101 682.832 921.284 231.731 760.104 377.636 571.801 114.929 637.707 512.777 951.506 865.946 187.726 922.083 
877.503 697.489 426.954 630.640 492.206 499.866 911.009 767.462 335.018 433.909 467.083 260.878 140.715 982.264 186.043 257.417 398.383 49.889 326.834 682.473 
239.842 465.363 468.070 981.501 394.217 112.355 489.515 24.194 380.309 378.780 881.769 607.452 138.293 922.044 679.201 314.207 386.536 200.856 563.599 75.575 
732.246 345.160 657.862 363.751 349.904 241.719 795.720 879.230 159.077 436.898 103.222 972.070 290.092 124.080 609.295 72.118 753.026 980.235 496.217 462.645 
900.315 377.081 92.108 530.366 926.777 975.547 295.503 811.591 268.295 57.937 321.671 315.143 121.177 756.234 496.129 365.886 90.179 343.448 953.544 901.418 
954.194 452.660 100.220 766.930 494.267 688.180 503.576 885.677 222.736 321.869 663.524 689.305 917.695 144.802 480.072 418.904 287.007 396.753 747.215 36.644 
905.038 905.378 820.477 116.586 635.844 901.295 132.297 925.167 911.211 561.788 409.127 156.225 545.713 125.499 60.460 410.716 164.944 664.700 470.995 759.870 
485.258 584.255 988.928 239.859 314.542 229.326 646.916 863.020 766.013 685.227 575.270 837.426 727.206 476.134 24.377 968.975 966.736 984.236 36.758 878.439 
448.779 338.367 402.016 409.207 663.431 411.124 991.705 946.571 548.008 53.020 324.692 540.719 484.672 791.188 644.834 982.915 893.993 954.919 608.677 842.537 
786.925 986.823 224.796 993.439 211.483 551.680 33.089 238.153 140.200 443.581 641.398 901.800 300.600 635.620 795.788 821.264 415.428 694.546 611.773 440.040 
281.502 39.186 917.417 588.620 291.500 848.523 821.811 267.261 97.720 98.125 175.606 316.479 218.297 624.520 70.143 303.058 11.860 763.451 895.538 950.250 
432.496 867.812 176.025 184.786 961.189 361.877 209.829 236.423 149.426 21.534 819.843 414.619 643.876 12.619 131.392 678.762 536.347 584.456 824.133 908.989 
707.056 812.067 280.088 657.694 244.523 7.911 633.038 341.950 197.502 929.447 983.060 817.638 606.326 733.049 64.777 870.526 734.248 929.933 933.044 675.212 
232.499 653.275 924.679 633.736 689.026 98.431 451.661 801.120 700.579 570.451 509.016 498.454 360.513 461.753 654.872 914.326 816.046 188.888 309.044 531.731 
403.915 407.740 486.506 720.694 707.581 411.988 874.585 369.038 293.376 703.923 692.553 542.071 30.860 863.551 998.565 154.742 538.125 449.099 471.879 213.176 
12.321 483.011 518.382 949.219 895.633 38.717 580.072 801.613 927.684 140.467 168.406 770.844 502.626 786.671 188.037 931.732 184.812 91.157 979.720 180.426 
493.360 185.447 680.550 903.530 372.036 127.303 717.507 761.754 700.742 834.489 454.330 756.964 690.706 744.910 862.736 91.213 468.479 656.261 755.041 702.029 
485.526 146.537 66.148 292.009 477.972 244.445 764.717 457.911 195.340 879.438 941.808 23.746 968.052 785.034 446.493 918.576 846.790 275.178 304.536 672.652 
170.521 537.672 786.021 750.702 947.739 888.369 936.940 376.562 312.203 199.350 164.444 103.516 484.542 919.046 955.526 235.078 702.254 666.789 573.525 135.093 
451.037 638.073 302.204 157.169 232.888 331.886 420.942 808.329 97.561 830.386 989.004 382.684 283.617 950.399 39.163 180.778 605.489 6.629 513.871 64.443 
373.836 488.208 15.140 166.664 511.745 392.043 380.022 935.298 638.443 338.980 582.273 697.461 248.101 718.404 738.935 839.348 612.676 160.341 578.147 167.320 
874.000 792.531 997.558 484.264 851.801 671.012 455.412 835.177 208.870 793.414 641.562 244.376 468.508 422.585 496.305 829.147 194.909 541.832 11.412 327.801 
946.391 671.142 652.922 890.356 150.382 774.756 564.749 442.037 542.295 104.748 975.064 873.243 636.951 525.148 624.647 588.040 571.254 610.013 604.761 133.082 
152.805 569.431 763.468 861.122 883.167 863.976 191.555 969.372 579.069 688.453 357.880 329.934 731.118 712.211 49.375 927.304 248.176 629.476 969.746 946.447 
798.905 891.524 665.855 365.687 16.490 242.216 640.129 519.706 128.831 194.549 455.492 554.624 850.650 50.334 697.853 238.347 209.207 340.572 763.549 22.512 
533.210 495.084 768.730 238.032 266.882 790.344 554.844 801.480 111.838 969.838 324.023 905.996 406.135 818.211 783.235 995.843 271.932 312.184 217.004 223.095 
102.844 313.920 391.118 630.690 264.694 796.050 434.307 728.354 616.074 46.468 312.175 220.912 498.642 502.933 900.402 739.889 569.473 522.483 471.959 110.131 
726.926 367.716 134.628 909.164 167.646 367.260 851.862 831.641 892.746 764.683 245.479 659.042 127.660 884.111 62.820 595.921 385.187 756.546 56.147 636.786 
167.719 323.705 442.895 206.012 115.505 139.217 427.184 231.225 787.111 818.131 922.527 4.301 592.531 760.960 803.614 341.773 14.287 414.900 653.126 947.134 
239.964 491.909 593.610 732.084 115.729 55.176 51.906 92.925 571.997 615.366 749.759 801.145 582.842 66.307 927.255 174.119 757.557 564.646 337.340 575.826 
425.299 579.258 100.942 729.213 770.058 688.416 137.800 902.916 728.335 653.946 717.103 944.326 209.242 246.821 757.711 588.815 68.792 430.217 917.540 773.814 
515.550 416.332 292.325 154.144 38.741 967.755 104.468 500.928 582.718 868.098 857.796 746.253 926.695 754.911 195.869 451.647 151.370 442.732 127.101 584.123 
56.447 83.533 563.578 301.882 499.335 477.682 783.251 808.665 870.477 597.410 245.912 197.108 165.419 141.637 518.667 853.797 908.799 604.759 288.650 544.758 
352.561 152.680 153.708 343.171 563.449 917.508 45.643 406.137 504.153 5.255 892.816 569.053 158.580 56.066 44.284 90.723 33.814 367.422 868.887 100.144 
737.780 8.151 169.226 886.754 82.942 947.615 259.687 609.579 170.967 596.395 23.332 465.859 540.520 321.321 46.166 564.809 816.651 178.196 319.642 650.780 
667.451 819.087 674.248 550.702 225.722 815.331 699.299 502.110 463.006 604.339 341.472 618.221 542.995 723.190 996.084 200.166 678.474 959.628 546.359 808.270 
177.932 495.824 723.456 606.612 162.727 457.470 10.778 6.914 890.051 409.505 101.975 35.426 703.701 383.835 88.871 660.898 677.172 32.550 970.232 331.024 
226.033 481.441 119.173 924.153 329.227 21.548 759.434 49.420 148.476 660.789 857.243 780.588 981.936 817.960 983.920 721.053 815.668 359.607 35.490 195.883 
330.909 573.552 454.365 444.195 606.851 521.862 320.210 726.360 862.694 316.631 582.627 460.785 432.061 46.779 372.344 84.346 908.389 316.022 735.864 976.623 
35.004 627.868 655.809 217.450 182.381 206.910 562.841 210.599 637.377 383.233 464.877 355.895 928.202 733.873 729.867 795.835 13.618 520.676 691.089 52.983 
390.131 125.183 434.665 103.294 523.393 869.616 334.540 45.168 531.903 294.065 580.149 720.677 103.624 801.219 254.309 935.524 306.448 745.450 30.448 213.547 
639.232 396.964 25.735 459.073 813.594 228.918 858.215 970.217 688.716 832.714 38.206 179.999 769.985 335.835 640.320 132.782 372.544 792.660 540.215 861.421 
960.886 88.544 563.232 510.463 307.824 560.037 434.552 453.369 220.185 795.431 904.931 933.524 405.712 830.247 393.780 479.690 270.520 450.093 475.518 76.372 
58.412 439.460 39.019 18.849 940.883 377.638 354.153 699.057 914.937 553.754 387.541 491.924 879.979 806.969 498.168 636.429 560.445 953.735 242.891 877.737 
872.191 589.828 408.381 976.953 489.499 791.453 338.689 560.350 354.167 964.982 259.611 541.869 718.701 829.887 112.650 854.141 628.141 233.967 791.685 433.573 
608.129 876.102 99.718 153.498 379.400 1.044 12.818 916.550 61.386 911.523 600.553 412.771 15.711 269.567 671.976 56.867 43.584 809.011 937.103 370.858 
176.793 627.906 832.640 222.263 281.942 299.045 394.636 718.789 43.263 516.248 801.219 564.495 154.847 805.217 872.033 885.483 414.911 437.088 645.581 343.357 
272.413 61.716 930.072 365.733 22.874 305.278 827.639 821.601 853.311 341.746 266.949 838.868 823.028 464.240 272.177 69.420 475.187 550.769 544.199 925.415 
971.710 592.290 612.870 168.484 252.920 692.649 957.857 439.214 420.102 749.563 809.761 197.606 195.196 555.322 681.311 402.166 68.698 484.917 696.837 877.849 
837.984 185.593 620.741 445.598 275.861 82.523 398.972 510.378 514.395 372.361 128.651 148.184 582.581 495.042 275.956 435.301 389.467 699.972 277.351 362.013 
565.814 120.018 574.258 422.655 658.268 262.458 240.045 951.443 241.738 881.778 954.163 207.618 147.435 340.525 995.640 651.034 950.923 908.141 282.737 403.527 
277.046 154.509 978.371 845.359 376.925 431.555 45.152 274.726 750.974 216.922 739.330 123.358 335.575 328.775 581.348 470.646 358.377 477.240 237.200 52.265 
23.853 494.156 873.545 278.834 815.095 601.707 691.286 613.640 372.439 320.396 334.706 412.632 994.007 113.858 558.082 139.523 139.644 927.698 857.207 792.424 
758.628 745.445 471.363 249.517 740.487 926.551 557.389 536.040 589.953 478.398 794.078 332.424 849.865 370.737 157.597 934.291 36.313 607.271 289.322 642.562 
718.288 234.834 149.029 887.569 756.717 896.154 205.696 66.847 438.159 604.061 218.452 930.359 985.065 252.424 401.156 198.140 744.603 711.413 992.065 128.790 
859.597 876.118 588.727 428.993 865.297 567.385 274.204 166.072 662.938 60.347 568.413 438.047 307.196 971.546 216.318 215.683 914.504 363.104 998.732 711.952 
488.514 286.077 964.311 647.168 294.288 964.693 163.266 23.742 889.719 117.693 904.838 985.755 485.930 449.360 391.247 56.833 855.755 866.513 462.627 157.007 
524.138 663.452 910.428 743.263 846.085 370.557 583.379 330.463 395.904 293.033 54.587 66.674 619.154 978.465 815.628 919.107 750.513 86.856 547.118 367.520 
416.246 84.953 477.955 240.725 78.081 203.087 224.271 306.079 358.014 343.291 851.598 329.701 518.892 288.237 453.787 530.607 403.076 151.217 95.202 435.405 
979.690 49.593 555.727 995.065 641.348 401.846 909.098 403.662 169.591 288.830 103.873 29.674 332.955 6.498 268.816 508.204 999.242 247.661 852.130 64.703 
34.104 609.229 734.829 721.119 892.795 419.707 782.610 640.359 943.253 274.400 589.735 578.879 375.184 305.264 744.098 290.308 638.350 134.185 807.193 226.046 
476.981 255.107 627.764 299.302 732.454 359.652 892.196 611.344 233.929 65.287 672.026 780.782 34.637 377.202 860.199 63.990 405.025 343.379 99.564 200.673 
642.956 901.411 669.892 474.594 401.614 278.157 978.638 67.880 356.949 650.022 655.083 443.607 96.076 58.714 977.045 173.227 356.423 645.717 0.375 555.888 
202.418 493.922 652.999 63.653 851.220 111.155 730.580 774.062 725.080 927.748 543.231 491.574 616.436 902.990 236.363 143.948 366.809 844.211 192.311 10.595 
551.902 717.836 798.919 655.725 741.724 124.153 125.095 990.467 987.890 478.744 597.030 368.033 81.155 276.307 650.076 81.824 204.252 900.848 281.292 123.838 
175.982 794.390 325.642 45.374 828.686 712.858 721.187 137.920 25.202 189.032 254.759 611.249 440.024 878.437 743.900 166.910 204.087 339.562 535.172 874.701 
742.473 361.968 971.498 222.712 51.379 70.275 453.474 215.073 832.542 259.441 598.493 674.242 755.448 577.933 632.712 648.573 998.253 775.231 576.033 916.314 
219.819 285.451 110.448 807.649 10.644 385.801 378.508 336.918 700.993 777.318 279.827 300.800 244.991 820.108 364.351 943.812 326.329 955.714 47.064 383.895 
840.533 532.863 61.193 317.150 135.685 278.339 207.788 283.605 544.261 528.896 261.219 370.275 601.660 155.207 429.787 855.737 535.682 453.945 80.196 628.676 
224.980 252.090 679.480 934.830 27.599 116.616 508.664 913.614 585.246 821.809 400.064 547.073 642.500 96.249 761.585 237.078 109.803 401.258 794.339 796.377 
293.084 114.476 368.441 819.456 140.310 856.061 360.559 759.290 455.943 679.292 936.191 782.417 933.425 927.783 37.628 170.875 801.962 218.901 161.835 223.382 
627.448 258.880 246.602 554.607 388.381 213.594 550.365 274.041 233.345 407.682 369.388 459.979 776.454 728.404 728.051 187.854 899.872 457.868 208.638 832.142 
719.484 811.377 749.599 180.819 751.996 996.820 590.132 660.582 274.665 455.535 767.397 683.889 909.565 265.815 301.734 422.083 39.617 899.939 922.577 458.685 
203.613 507.068 151.064 502.216 523.154 435.965 968.876 657.926 298.674 902.763 434.241 797.135 770.880 992.182 623.199 763.204 57.917 850.997 745.074 171.654 
215.022 395.936 257.526 815.100 143.976 591.204 685.172 761.237 654.681 402.834 54.399 364.604 495.114 270.215 21.750 350.631 843.545 601.105 445.233 388.591 
244.803 373.856 510.409 78.455 125.122 918.293 411.535 297.758 8.466 736.499 216.297 978.144 8.901 135.441 718.908 946.360 792.595 216.841 915.407 657.315 
548.220 706.594 317.121 340.917 562.689 966.079 879.388 596.170 308.049 544.632 949.106 533.620 934.371 551.655 971.700 369.173 430.460 655.778 251.190 762.837 
421.220 138.582 711.449 861.656 134.129 195.684 588.107 252.027 130.687 722.388 511.794 998.280 351.273 613.285 339.942 960.849 714.404 958.129 815.358 959.838 
314.994 742.933 666.477 569.799 408.215 527.468 932.506 302.820 569.040 135.095 166.659 255.275 121.966 127.103 274.510 946.714 55.026 580.670 469.452 924.848 
605.556 838.815 300.612 676.368 180.615 25.642 781.158 318.956 445.355 208.104 13.716 341.444 249.133 33.258 830.383 643.031 354.367 594.021 379.071 856.161 
7.006 547.731 814.895 187.794 196.532 459.988 389.274 357.403 503.941 194.193 188.011 971.261 249.444 296.302 241.084 16.090 138.492 80.808 390.290 342.853 
595.023 50.415 555.590 146.196 904.180 6.909 201.431 536.131 405.203 857.626 400.315 851.622 251.674 502.970 11.644 240.646 281.052 332.600 834.713 20.392 
570.951 119.304 454.979 367.783 838.498 734.262 368.226 493.344 446.761 251.867 318.887 371.033 160.375 314.112 457.070 305.013 654.935 36.891 667.973 443.946 
628.230 948.835 89.297 78.551 933.952 585.453 784.608 978.379 171.815 483.223 189.427 321.525 680.807 306.237 653.297 803.608 915.583 932.830 572.713 545.640 
359.078 722.958 652.757 498.285 18.883 484.847 821.755 946.936 571.254 893.170 366.278 483.724 626.359 755.732 112.541 773.120 279.724 649.655 291.044 24.809 
763.811 562.745 369.359 926.394 542.132 610.074 683.332 655.476 829.298 642.892 507.031 619.041 414.202 454.668 669.170 43.424 382.531 702.716 967.607 537.311 
184.156 172.666 632.051 462.345 396.498 175.330 149.601 645.967 548.168 73.259 710.492 127.291 568.008 368.623 366.334 763.767 828.784 287.023 350.474 260.585 
257.955 866.167 695.148 638.425 819.946 771.799 384.892 708.601 364.435 290.676 921.795 648.331 420.975 938.576 13.106 12.965 391.674 410.055 852.301 512.842 
261.427 8.409 950.756 461.179 976.794 196.243 421.017 631.550 455.329 677.042 804.984 375.159 946.728 477.395 354.377 1.439 708.058 956.205 438.093 821.119 
479.098 832.130 790.615 483.960 422.171 88.512 858.267 676.137 901.736 504.330 14.590 360.419 984.788 321.969 595.401 875.126 519.386 915.873 494.276 979.046 
704.017 434.927 827.378 940.735 978.387 526.753 231.904 756.942 358.206 605.185 136.849 427.846 272.293 159.398 798.230 397.594 34.969 109.741 92.329 186.474 
203.837 84.840 891.008 167.470 446.900 943.223 520.182 626.390 223.729 139.638 438.514 974.156 944.061 939.024 964.101 973.706 723.211 398.390 913.292 452.117 
489.487 822.870 85.580 709.493 469.214 529.112 252.063 297.432 105.627 925.431 470.118 471.010 627.633 681.483 616.497 402.220 420.253 507.594 611.483 545.429 
453.170 855.641 962.231 671.745 59.710 315.732 510.919 995.725 574.990 55.593 519.005 400.538 263.075 529.461 417.901 591.168 164.649 466.187 387.537 944.734 
144.865 710.096 137.297 95.750 565.810 172.242 664.363 413.173 807.376 990.167 469.385 312.021 568.184 357.681 718.047 0.644 552.450 576.671 569.239 315.360 
271.798 815.047 946.497 385.640 874.003 516.857 327.860 266.806 229.423 402.457 37.964 928.493 890.388 839.335 961.594 203.483 815.580 833.180 639.178 979.868 
325.699 928.307 192.962 43.224 233.665 163.309 848.362 43.921 22.583 115.676 443.041 804.860 947.865 100.770 973.951 935.295 910.489 523.766 971.799 359.195 
792.336 931.193 185.049 11.634 454.703 147.983 82.676 9.572 551.201 442.849 582.744 393.175 1.394 224.397 581.213 655.894 556.986 136.080 543.834 586.349 
28.866 280.655 676.946 916.189 791.301 932.553 890.988 266.783 463.207 426.696 190.073 748.722 280.632 314.457 887.733 513.881 565.380 24.505 345.082 533.766 
756.629 751.798 701.372 447.831 334.003 520.525 973.880 860.049 305.509 120.614 948.295 28.674 326.089 884.254 454.213 345.946 570.738 650.273 615.070 385.727 
648.823 436.780 84.494 271.888 279.474 915.641 150.487 505.790 572.941 875.247 686.796 70.919 689.038 944.150 106.238 356.842 266.995 267.994 87.954 174.078 
593.770 414.241 565.949 333.492 930.592 883.722 150.355 239.503 926.652 872.390 544.591 902.770 299.704 502.718 345.113 883.243 708.022 497.050 926.146 412.110 
622.941 774.214 117.901 418.040 895.197 930.792 206.178 474.702 760.958 187.866 109.215 259.185 396.614 694.389 166.274 970.792 231.917 164.685 145.518 792.090 
559.724 730.023 97.788 157.111 697.557 43.337 634.970 201.999 771.795 506.459 687.877 41.355 236.156 135.935 429.558 570.959 913.697 62.390 539.296 235.652 
917.553 835.422 299.125 528.145 806.674 881.861 763.557 152.431 7.003 274.601 56.219 104.528 954.147 223.853 114.859 623.654 644.823 988.955 976.507 770.784 
298.329 822.634 112.077 829.681 321.865 316.241 548.898 224.406 548.246 925.409 834.735 604.471 594.794 761.729 250.364 758.760 535.593 609.874 306.782 882.115 
299.609 415.373 50.015 926.715 63.134 249.063 481.942 231.914 689.346 547.891 465.579 807.474 931.106 287.763 612.366 177.679 450.973 360.040 538.163 312.864 
563.187 410.206 156.732 773.644 445.620 955.124 530.936 804.628 136.827 339.219 320.001 433.585 923.848 47.725 742.603 236.350 121.367 59.622 906.377 298.916 
557.505 317.956 855.655 852.662 612.695 620.536 397.597 612.547 371.381 295.866 238.939 99.202 571.701 845.572 305.021 579.245 874.073 930.052 807.199 190.167 
768.902 127.493 444.598 348.602 27.417 599.632 429.715 87.391 828.950 177.555 571.106 792.860 676.989 696.427 887.389 663.717 255.239 928.479 187.410 135.020 
95.609 168.480 733.579 549.855 354.925 190.967 348.493 411.060 256.647 368.454 19.537 109.090 187.088 913.525 843.636 949.508 519.406 981.278 450.784 466.613 
159.315 369.369 112.026 969.931 324.981 512.787 552.138 361.165 968.659 78.887 341.718 900.917 328.284 94.960 389.251 303.238 422.856 61.245 814.063 220.366 
992.221 619.729 196.444 944.804 386.230 379.120 329.066 265.662 4.723 455.896 319.751 497.295 155.691 550.148 337.947 176.637 555.517 555.875 612.133 931.492 
142.044 283.138 578.930 459.689 301.709 540.177 882.220 204.816 628.609 332.361 463.563 629.841 11.045 883.958 851.161 374.742 384.057 973.262 124.587 582.012 
895.704 473.876 500.676 416.028 446.354 40.031 127.222 726.947 391.498 527.634 739.957 565.500 135.694 742.350 400.764 364.568 668.399 907.207 48.706 830.332 
250.965 713.416 657.210 457.501 259.662 873.403 210.783 27.148 207.732 950.407 848.880 355.530 165.699 903.689 908.826 388.499 160.528 972.771 642.521 434.938 
307.393 453.553 618.770 670.430 622.282 231.712 556.115 573.326 401.705 576.599 964.625 415.010 460.611 126.264 506.428 272.860 422.201 783.508 469.021 244.055 
847.899 834.212 660.867 534.887 628.453 380.458 999.802 79.534 136.191 987.670 973.662 149.565 183.824 431.495 539.284 894.395 781.773 49.930 960.190 995.090 
944.594 833.913 691.050 858.914 938.822 234.142 194.439 949.423 209.903 679.248 459.821 675.497 20.165 332.321 969.461 669.112 582.646 292.757 169.220 455.094 
244.234 755.575 626.761 848.025 218.982 166.905 32.580 720.854 422.007 305.167 161.581 276.282 792.718 339.455 663.522 150.715 773.720 262.510 464.818 446.989 
208.468 67.748 841.539 872.355 270.078 145.383 660.272 222.548 552.046 17.544 432.736 356.019 926.397 514.414 162.194 910.062 608.681 397.853 430.858 887.526 
774.257 431.723 543.910 171.205 174.383 304.505 669.280 519.963 919.931 956.647 638.477 379.589 421.164 952.611 612.496 985.014 513.032 16.768 295.249 691.221 
603.816 534.892 622.041 952.334 479.392 579.525 333.151 695.890 196.781 666.534 898.010 418.304 604.031 897.448 435.669 213.583 498.521 868.637 150.820 703.035 
985.718 313.838 35.122 434.945 649.274 247.335 587.003 474.401 838.741 29.025 173.346 237.448 384.208 403.954 737.016 352.516 751.541 905.070 976.363 973.877 
293.298 916.413 129.395 383.194 385.687 9.161 632.144 357.129 263.722 842.534 348.726 649.021 357.432 148.815 887.081 693.459 69.176 629.269 489.389 57.927 
995.764 461.608 879.938 451.312 390.784 308.882 472.713 263.348 777.510 100.282 734.711 250.992 451.520 705.100 352.514 399.413 87.724 102.049 543.863 896.372 
762.060 19.491 540.851 956.166 216.552 195.645 598.579 781.442 696.385 572.304 159.852 477.882 537.721 754.237 646.575 391.581 357.828 177.898 132.357 478.650 
629.867 543.405 903.392 67.416 341.062 928.994 470.955 725.673 364.624 931.769 788.735 703.937 345.693 588.234 177.571 582.551 146.399 368.568 697.650 163.715 
0.807 340.744 41.625 121.422 910.671 388.079 246.340 98.984 706.497 997.147 773.221 942.053 782.298 910.427 479.421 742.908 995.804 183.126 621.199 119.362 
878.694 337.339 327.901 970.759 794.094 608.593 608.104 247.566 808.875 743.782 146.925 796.673 941.810 142.905 753.682 661.665 792.521 539.061 677.969 979.737 
299.974 514.146 375.323 91.403 881.377 38.179 654.723 672.983 777.085 487.652 170.872 135.735 365.066 743.299 378.301 81.391 846.779 788.625 953.493 184.171 
390.986 740.579 88.420 374.785 432.574 473.699 732.864 565.780 977.510 308.250 24.498 31.582 684.413 206.597 544.314 919.602 617.979 322.053 296.470 122.246 
246.250 14.561 360.500 384.959 963.415 764.146 191.298 912.418 970.561 893.819 99.142 244.601 538.374 423.803 62.429 216.254 542.825 563.270 154.661 678.898 
230.325 266.755 584.027 690.241 346.645 790.896 778.903 444.120 171.765 930.180 433.602 274.946 508.366 328.647 26.021 294.060 633.032 181.154 250.318 643.169 
888.405 583.660 993.446 199.770 570.203 228.684 677.667 424.818 569.268 170.073 347.367 413.315 62.285 894.531 540.293 852.876 744.171 962.497 910.672 41.854 
347.484 556.255 152.665 313.809 844.799 942.085 34.431 326.874 699.631 874.317 119.547 97.394 484.911 424.984 621.200 214.137 429.510 101.156 45.384 887.262 
881.348 483.856 459.162 714.677 879.182 133.267 176.149 814.717 450.713 868.462 226.590 260.312 264.412 379.787 818.875 905.404 829.896 454.773 19.607 315.878 
858.868 991.139 119.025 833.435 922.894 587.612 550.097 14.517 45.306 244.213 639.526 675.906 563.890 420.038 224.832 811.756 165.792 391.363 127.834 659.591 
259.113 350.579 402.769 488.128 600.091 392.457 732.434 350.900 820.138 699.276 804.166 336.327 257.499 481.364 170.316 452.467 252.380 138.747 975.397 844.213 
55.236 38.724 650.958 779.712 743.140 743.744 146.857 633.750 626.320 455.290 393.589 215.743 339.319 277.327 589.999 93.880 299.549 709.293 847.041 22.885 
92.577 647.515 574.314 302.783 174.718 673.183 115.313 349.660 45.923 415.981 318.216 624.625 338.057 510.151 695.154 475.308 784.577 719.667 270.019 741.405 
540.340 875.200 28.927 778.744 552.955 493.085 55.595 303.231 614.610 563.789 698.182 18.187 910.733 127.816 834.751 74.584 511.605 778.852 162.880 346.941 
263.835 512.293 820.882 621.372 668.483 91.674 530.285 57.286 847.967 602.023 581.742 971.402 907.754 681.530 894.068 295.856 427.764 772.340 835.579 101.197 
875.183 467.328 543.419 808.661 455.901 122.943 238.040 149.585 853.307 209.375 158.607 910.917 670.282 363.512 796.926 185.708 478.176 594.823 770.494 520.699 
967.310 761.353 515.737 776.703 536.630 4.316 747.069 208.678 461.495 583.408 246.353 705.516 736.322 440.789 933.087 444.007 200.804 42.994 645.075 219.254 
979.617 629.133 853.120 642.453 580.676 519.020 499.579 788.625 874.298 463.142 923.479 695.435 228.750 558.609 11.048 41.790 649.654 366.514 692.211 899.689 
280.917 426.036 441.629 323.212 212.204 990.104 67.341 374.461 542.619 795.736 27.727 276.504 547.540 158.123 219.202 71.897 620.806 867.205 347.903 414.322 
930.551 542.399 323.779 497.862 976.364 770.608 608.536 633.990 171.054 57.115 151.287 739.702 303.724 378.862 324.291 353.138 636.099 148.258 291.348 24.959 
797.588 723.671 578.516 435.281 364.588 887.092 758.771 640.603 510.195 325.092 104.218 639.196 305.677 388.517 807.872 468.670 319.835 310.207 716.471 87.242 
780.265 429.513 192.083 522.267 246.333 906.645 465.574 425.542 356.646 384.033 957.379 315.426 985.305 751.509 204.544 223.836 862.772 30.110 375.114 465.915 
409.469 449.651 364.691 495.888 110.617 816.745 783.521 454.169 602.954 147.523 637.746 678.768 968.215 720.659 960.795 890.431 208.577 70.184 799.156 79.926 
535.395 779.600 268.229 5.108 786.191 475.568 767.832 759.584 346.409 185.256 811.336 797.296 126.517 362.676 780.708 167.855 425.663 35.152 136.400 575.236 
616.674 761.410 934.885 970.684 920.490 995.333 994.014 506.106 461.032 381.141 350.307 167.438 404.570 99.822 440.005 48.049 255.543 388.035 345.906 785.256 
115.947 158.308 950.251 620.849 382.974 485.629 79.938 32.881 599.551 30.918 406.462 503.908 660.449 546.391 472.980 782.023 822.635 475.245 371.525 70.423 
534.974 106.065 939.226 821.867 382.738 946.500 347.565 224.698 223.653 340.385 296.284 924.938 589.104 354.198 415.737 968.744 390.216 127.849 107.192 609.133 
868.958 656.658 477.842 80.935 63.232 533.096 114.291 584.303 426.111 610.573 493.351 470.263 279.250 770.594 657.327 61.004 234.792 526.203 755.426 112.281 
170.881 559.207 339.100 828.568 717.884 95.902 461.983 575.763 518.085 87.904 542.143 276.458 895.381 352.519 395.800 740.897 768.559 864.795 128.305 902.336 
156.196 26.343 764.478 488.194 460.481 891.416 106.879 679.417 374.746 894.145 975.656 704.752 102.889 955.623 501.833 621.256 994.483 694.046 155.553 766.543 
61.215 642.434 262.943 866.956 930.372 646.461 45.175 689.529 137.957 403.611 138.588 347.975 922.975 142.842 753.314 576.593 378.939 268.309 39.028 507.395 
656.493 973.759 541.472 467.624 0.744 252.948 278.042 189.061 988.269 618.475 18.526 852.595 199.723 723.780 467.837 506.306 159.027 469.064 164.657 986.590 
347.090 192.493 946.271 588.823 514.476 415.505 700.362 674.496 574.856 783.078 58.494 607.438 779.190 364.393 315.115 400.436 165.744 979.165 318.906 43.440 
391.650 273.472 906.734 277.054 320.770 646.394 865.490 514.968 673.373 537.749 154.080 348.068 701.200 550.366 877.372 506.040 409.789 654.650 578.911 32.297 
870.954 963.524 702.212 388.946 751.027 994.953 196.682 525.591 305.448 826.562 749.464 384.356 627.490 249.749 467.661 983.789 291.829 460.636 928.341 953.291 
38.073 561.137 172.743 528.098 409.648 672.236 811.056 801.992 630.871 438.916 84.271 135.301 296.212 810.469 221.025 644.114 800.138 390.079 110.880 576.056 
46.592 356.449 38.954 142.940 263.036 757.268 549.277 992.682 786.852 445.554 868.589 605.489 316.235 152.874 842.238 28.451 245.383 410.674 346.636 788.660 
433.859 90.001 100.817 842.825 488.984 468.852 932.293 686.813 626.612 645.675 1.931 715.306 973.712 114.146 777.943 762.693 579.555 478.508 574.196 298.413 
386.436 45.746 442.764 153.889 777.106 642.519 390.242 876.010 347.360 20.197 109.024 763.500 353.897 876.345 973.692 814.703 856.777 278.770 677.063 477.306 
486.230 72.655 652.819 19.983 57.912 612.040 609.047 233.103 988.184 318.649 708.253 246.299 798.894 924.470 951.307 80.796 885.508 583.367 422.907 901.255 
403.116 163.146 366.287 81.597 76.321 171.606 132.731 40.384 176.820 995.775 623.465 47.245 944.835 907.236 174.584 456.925 670.114 911.982 370.530 375.345 
705.935 629.474 933.078 454.323 268.183 16.120 30.917 965.288 936.493 480.923 504.905 441.808 457.144 228.945 910.462 29.697 113.147 900.994 124.184 249.055 
66.002 352.894 359.108 36.115 603.512 847.673 769.644 365.041 814.563 43.176 328.295 741.984 893.867 317.189 176.899 64.486 429.491 505.848 894.357 362.785 
252.182 317.605 621.700 544.344 469.382 911.637 637.234 587.724 172.525 651.753 783.898 556.700 117.774 973.051 623.189 697.447 349.113 433.603 175.218 449.194 
622.051 519.600 91.600 80.934 265.159 124.962 273.466 2.533 132.682 978.317 212.063 890.541 682.217 187.167 608.003 983.793 895.039 364.888 521.232 722.002 
83.806 312.666 688.588 12.502 699.165 398.334 692.796 304.796 341.455 104.281 142.852 982.888 694.526 530.174 779.255 831.300 320.340 932.179 963.033 604.244 
146.439 604.024 656.705 469.763 575.579 997.300 196.846 369.300 642.372 293.051 792.343 392.768 372.248 626.210 992.141 159.264 890.964 388.447 495.219 70.114 
933.449 919.273 723.427 65.256 82.923 807.653 604.225 729.586 614.297 381.311 760.913 601.041 238.525 61.173 66.035 356.840 506.651 593.078 923.775 667.739 
256.455 445.015 988.032 983.053 14.761 791.292 829.118 198.908 468.343 214.018 613.591 425.419 26.118 493.045 722.727 899.375 577.260 872.660 252.270 160.522 
874.423 436.624 782.506 749.603 243.828 130.009 664.299 808.205 59.724 747.146 602.993 939.414 191.657 784.021 658.098 306.209 782.276 999.770 903.696 292.342 
799.860 516.570 69.381 354.022 843.956 957.644 797.587 513.593 745.730 12.102 158.052 400.753 762.091 647.491 406.997 103.803 793.408 497.761 91.117 17.246 
920.328 119.408 988.758 612.480 25.076 24.265 645.086 100.586 430.571 753.293 318.186 173.158 99.688 933.644 548.922 462.852 671.301 937.464 204.986 392.138 
876.417 295.517 147.233 655.088 736.901 403.714 657.396 477.866 730.695 184.641 63.947 465.936 668.212 524.183 718.890 993.358 764.234 286.737 69.531 861.666 
443.907 699.487 797.227 646.895 20.945 736.930 993.145 507.389 961.071 165.106 992.897 69.054 804.978 576.559 5.804 211.715 506.538 28.794 272.401 241.002 
898.248 246.218 275.457 104.408 63.334 496.301 535.080 237.125 397.323 340.126 82.165 732.564 907.657 492.071 966.728 696.032 354.228 625.745 715.544 617.571 
74.250 970.093 681.149 639.760 71.720 971.830 691.005 1.767 327.893 393.703 677.257 265.918 570.626 995.427 40.069 361.318 238.722 439.287 406.355 790.140 
487.700 333.816 568.889 842.976 876.061 13.962 417.347 788.986 324.574 279.458 36.723 985.572 346.212 61.951 327.070 676.827 503.961 574.827 337.040 673.107 
675.157 292.537 397.788 444.467 186.721 848.840 847.363 454.302 953.140 786.964 120.422 82.248 770.001 448.320 695.952 882.249 924.845 18.454 350.180 600.962 
606.154 145.545 78.576 362.049 714.086 255.054 234.507 936.926 116.002 636.289 40.130 209.531 221.848 340.852 495.584 241.406 725.283 964.166 804.645 594.647 
243.195 808.391 290.357 498.883 661.716 702.793 688.486 225.816 522.065 776.009 486.033 157.498 616.642 408.951 520.605 863.434 926.237 93.097 707.046 259.403 
693.414 30.952 998.518 489.421 970.428 440.369 617.677 659.401 996.961 454.296 707.243 184.629 416.632 254.115 809.360 53.766 169.430 664.899 547.024 958.051 
249.164 6.160 722.241 524.238 202.021 335.319 329.324 845.567 175.676 548.740 984.767 678.547 899.798 741.147 224.640 580.639 530.993 824.749 197.040 240.576 
377.173 451.871 420.825 132.313 371.458 732.604 366.351 368.466 625.643 638.274 289.525 470.832 861.069 291.766 687.857 945.236 323.934 287.947 210.454 446.293 
10.858 689.542 608.334 714.871 426.276 496.876 689.207 916.611 546.161 515.358 265.256 930.278 759.576 895.303 111.757 197.585 158.277 676.002 81.896 377.164 
88.387 869.756 546.041 425.940 292.161 943.730 47.644 74.843 836.500 505.572 684.701 79.227 570.584 752.905 996.363 527.717 465.183 679.609 883.926 794.966 
9.934 848.334 135.686 404.311 209.554 744.044 32.405 415.260 417.733 63.811 921.369 486.875 556.740 993.278 672.926 973.912 600.036 314.307 336.995 534.037 
964.117 248.884 34.385 732.973 578.018 629.380 497.028 287.669 514.469 303.692 153.014 184.556 846.634 573.869 211.114 978.588 22.527 176.640 896.658 109.589 
632.688 899.860 829.653 907.159 178.910 643.546 377.564 103.786 458.816 741.595 59.655 116.499 910.972 116.525 456.290 509.633 867.341 88.665 608.074 842.855 
452.563 68.246 165.086 386.557 328.288 39.518 831.562 453.014 713.950 769.717 42.053 816.027 306.146 830.884 144.369 60.284 192.520 737.725 53.499 478.677 
543.131 329.682 116.770 419.724 112.872 140.855 384.228 656.813 476.805 824.380 651.904 398.138 110.297 478.249 229.275 95.180 75.671 213.582 331.219 452.129 
306.492 618.333 237.574 505.615 147.235 614.748 405.378 901.214 643.578 287.520 32.268 895.539 349.104 537.829 876.013 470.097 113.998 142.259 265.260 768.914 
977.830 792.653 984.812 986.398 589.466 551.112 628.524 631.065 48.927 975.640 392.053 144.669 435.001 837.876 916.019 363.797 161.820 547.467 372.514 519.711 
253.705 505.054 27.986 45.025 78.567 283.537 631.152 531.287 830.023 613.443 917.309 89.493 414.513 823.441 417.643 250.263 990.947 93.720 590.528 199.143 
869.174 83.461 203.943 3.938 232.258 786.756 892.729 904.999 972.624 717.869 88.785 678.073 172.443 787.163 99.239 382.100 310.392 499.536 914.609 492.675 
166.278 416.764 774.719 501.987 69.954 239.645 678.019 760.127 884.076 443.738 117.546 270.140 258.753 779.791 6.786 645.141 494.180 365.143 462.563 527.764 
409.010 617.718 212.595 450.671 980.220 625.299 984.321 366.694 287.707 564.281 791.655 889.681 367.658 982.166 968.079 810.207 256.116 970.849 546.053 693.600 
740.895 791.370 643.759 880.769 563.639 604.151 41.117 603.050 329.812 80.167 93.506 162.455 376.072 978.285 357.838 405.100 514.051 541.353 827.568 69.321 
26.543 934.563 989.138 956.810 577.127 330.360 789.760 351.299 865.254 399.124 779.549 513.325 305.340 677.569 72.318 906.797 756.830 344.431 254.718 414.288 
33.286 46.595 539.076 985.041 535.273 785.364 116.325 525.181 441.316 592.780 216.295 912.255 572.294 371.053 224.080 757.396 966.385 354.598 299.722 538.540 
579.648 201.539 630.447 209.921 53.975 773.017 759.233 673.958 691.729 283.421 679.592 939.278 613.003 748.004 391.238 504.999 376.386 401.544 496.591 159.090 
288.667 133.269 751.518 778.363 906.409 60.415 698.336 977.361 240.467 208.696 702.832 456.988 143.466 739.413 813.190 150.027 118.973 300.531 179.519 899.022 
373.855 635.542 223.501 937.983 317.051 944.447 645.414 595.972 723.061 236.196 529.840 970.490 590.671 872.695 787.069 194.895 940.837 100.437 419.323 762.857 
262.929 288.049 447.273 298.154 689.133 968.088 830.334 36.604 132.317 35.737 237.372 802.423 263.201 713.883 169.962 586.815 733.345 366.276 579.036 450.561 
289.327 120.006 717.029 747.499 690.711 618.888 613.322 751.500 272.380 446.569 365.974 859.234 672.607 464.126 136.786 349.035 121.701 51.365 333.749 270.694 
829.775 393.422 828.937 608.663 29.417 224.855 838.545 809.190 215.076 204.123 369.966 630.791 442.450 709.249 474.494 207.659 970.528 423.561 518.395 919.641 
710.694 419.638 273.481 387.503 852.466 776.799 369.976 856.802 626.405 629.698 562.914 141.010 145.049 645.158 249.300 899.068 70.965 964.353 406.442 561.040 
228.095 621.006 875.178 919.540 703.028 792.208 573.465 720.687 207.638 970.835 986.948 594.419 678.019 138.648 718.350 225.769 250.046 585.897 888.763 479.101 
742.618 217.816 934.259 458.731 247.277 70.167 201.828 986.610 384.849 841.720 664.655 628.594 916.721 816.202 587.122 970.973 356.721 713.924 522.846 276.042 
119.884 860.137 305.506 217.010 891.769 677.229 262.859 693.827 659.439 141.127 915.953 999.423 71.669 515.550 875.471 17.453 260.712 451.853 5.246 768.249 
78.828 216.349 653.597 897.849 812.534 255.619 759.064 987.233 463.683 554.585 917.808 436.109 719.692 717.727 563.059 291.363 225.518 951.396 601.509 920.027 
895.890 9.958 686.987 996.608 579.520 704.256 995.742 540.608 21.547 761.021 298.305 132.820 88.999 275.408 119.466 160.367 536.940 901.469 503.324 755.890 
134.022 127.423 653.428 462.107 139.730 830.575 685.601 384.867 288.884 574.434 270.809 876.039 517.007 385.717 589.641 684.405 336.669 855.225 849.731 980.761 
385.425 649.549 437.157 829.863 522.415 805.377 311.325 54.726 298.549 248.912 72.152 223.738 453.200 539.390 979.076 832.981 86.680 752.705 773.092 57.759 
487.422 882.303 661.835 9.435 620.678 905.132 652.760 821.817 460.222 490.642 731.443 588.730 60.489 903.229 594.743 846.359 248.135 631.363 819.878 580.098 
720.977 817.511 608.395 60.319 882.859 512.035 907.199 464.138 42.526 703.533 143.911 359.120 386.577 963.650 984.519 1.874 670.818 506.490 658.773 663.491 
351.459 12.282 243.847 193.296 868.865 902.286 672.590 713.589 999.789 905.737 649.959 258.420 80.652 775.816 716.107 776.446 509.415 612.821 642.052 92.704 
224.958 165.264 957.566 837.930 619.838 880.998 934.492 685.517 717.390 493.926 957.035 517.849 357.605 921.493 862.477 183.305 692.957 215.034 54.080 988.280 
381.418 595.698 162.885 678.748 221.043 723.288 134.941 754.736 801.291 830.509 160.274 494.233 775.639 972.770 421.125 650.082 319.195 49.103 668.834 396.595 
778.019 894.483 639.429 188.903 319.972 378.564 604.270 56.267 63.234 731.381 295.350 729.776 272.990 808.540 288.085 778.100 730.169 662.526 884.409 86.424 
544.020 491.961 784.510 34.188 732.761 363.590 734.082 731.845 314.139 341.403 933.730 448.502 398.153 167.897 752.861 22.098 940.086 405.053 912.075 647.674 
814.505 110.991 230.266 722.882 754.912 161.799 711.864 329.331 950.681 121.433 38.863 542.569 795.053 35.916 485.370 909.375 487.897 824.567 504.700 466.383 
410.154 842.954 528.723 93.351 65.573 445.625 93.137 73.345 442.533 764.502 492.957 391.669 737.620 77.021 584.634 605.420 68.358 912.205 114.270 966.471 
216.194 556.082 482.451 829.559 646.068 552.226 918.484 94.484 989.805 91.218 660.829 757.464 132.127 604.827 899.342 699.565 716.386 159.457 797.161 308.429 
191.852 401.254 61.428 446.846 754.559 751.861 24.054 690.654 6.929 693.889 51.450 354.174 912.137 110.558 663.235 49.775 823.386 271.518 44.476 755.210 
882.327 72.051 787.500 782.716 48.429 65.375 780.665 19.633 549.972 308.930 529.279 302.663 189.015 821.735 891.886 683.456 847.477 690.516 912.023 15.760 
805.439 741.466 987.590 523.056 28.693 492.589 658.181 268.237 80.415 304.433 782.608 813.872 778.060 806.114 500.431 985.946 796.895 930.241 975.045 184.548 
567.193 105.783 199.008 776.362 955.627 562.674 531.266 416.180 772.707 679.029 145.758 837.657 274.176 672.091 618.314 819.529 760.421 567.816 616.514 0.090 
158.965 45.959 664.261 290.714 876.935 122.882 367.175 849.457 213.223 70.955 875.726 293.949 199.425 231.898 984.527 974.646 784.752 658.564 621.058 412.211 
640.056 843.835 768.440 875.565 142.853 376.231 399.324 606.391 343.334 764.775 787.762 167.772 697.448 661.010 144.394 928.930 193.054 739.977 559.059 526.805 
830.914 620.768 31.816 675.517 615.656 615.082 408.244 80.289 375.748 726.116 160.658 236.968 649.500 767.570 763.375 50.503 486.231 864.348 390.278 263.978 
146.678 105.466 183.297 897.716 950.475 548.862 314.176 638.960 355.441 232.354 606.356 114.749 101.991 790.850 420.630 805.586 889.559 709.047 863.992 181.803 
476.786 89.955 123.214 494.532 379.023 17.613 93.439 357.529 161.303 121.268 571.031 91.570 451.174 966.818 833.433 120.052 236.496 530.777 539.810 587.713 
215.915 812.477 435.447 407.229 986.765 839.865 255.183 209.176 886.083 63.034 445.381 8.620 129.073 452.583 186.098 908.061 524.262 876.554 981.635 137.996 
271.830 736.037 910.587 218.184 178.757 807.540 456.092 728.919 531.149 9.758 503.800 475.720 89.959 241.195 226.894 626.863 532.199 521.705 568.482 445.048 
680.636 652.647 337.467 74.920 877.669 41.638 463.705 734.662 542.144 705.100 372.979 250.557 324.757 994.459 382.876 653.089 131.778 182.507 109.488 213.262 
242.231 55.292 667.267 309.518 790.142 976.160 94.766 924.104 761.850 194.841 200.015 983.172 513.730 959.285 872.589 9.453 57.251 993.474 211.790 693.242 
277.915 573.230 666.591 520.015 843.187 359.186 943.842 139.784 789.797 246.872 767.710 700.238 555.349 158.656 958.895 112.102 386.942 965.676 118.097 429.057 
534.214 998.400 302.411 361.677 372.114 868.876 382.293 269.540 328.367 480.508 466.464 595.902 816.873 383.332 767.487 759.312 91.632 703.804 916.495 790.752 
80.025 954.711 735.872 131.288 172.827 751.277 428.751 790.679 275.779 892.164 280.413 793.942 485.184 310.788 694.658 336.926 627.537 422.818 652.450 967.441 
411.763 267.338 905.144 676.854 529.894 503.149 752.974 497.374 463.467 701.936 201.501 458.553 92.324 330.211 891.409 331.142 952.210 760.791 937.635 731.403 
523.384 846.277 319.303 389.753 458.122 884.644 97.444 608.640 98.837 87.824 177.514 750.279 412.062 160.083 57.689 579.298 525.583 680.259 678.358 218.554 
619.565 904.870 328.736 323.222 240.745 506.255 683.857 129.459 392.060 773.127 297.554 960.759 455.335 306.476 788.491 201.349 148.484 894.049 207.716 73.245 
889.955 488.892 383.318 150.973 280.593 924.119 105.320 478.011 38.501 53.487 971.196 212.528 701.193 463.532 239.628 867.839 729.768 810.004 128.083 443.402 
401.053 372.168 567.627 838.396 375.462 511.031 60.731 963.022 791.858 213.597 175.351 795.668 487.832 426.809 530.713 873.957 650.012 81.459 258.571 502.647 
428.779 658.421 227.407 186.475 75.113 849.544 331.947 30.675 71.933 28.287 692.199 389.374 254.806 778.121 428.136 625.970 982.729 385.740 484.922 98.749 
447.676 683.922 881.265 713.178 684.562 234.277 511.408 798.964 748.147 44.025 592.593 125.094 562.493 887.726 604.882 721.085 956.803 903.258 646.610 377.417 
660.992 591.141 202.156 781.305 992.035 196.344 702.328 241.797 190.495 286.652 401.198 472.105 938.219 912.999 146.207 628.912 580.140 219.971 692.511 346.667 
629.369 730.921 846.946 553.118 786.166 436.514 746.219 36.999 28.519 471.007 908.561 563.680 475.698 372.038 926.164 311.974 689.765 783.156 63.949 601.485 
626.900 857.969 474.262 321.201 503.768 690.275 472.275 495.059 327.451 524.589 264.273 235.541 298.845 59.956 19.868 196.904 977.402 193.608 800.654 111.947 
519.226 591.434 564.428 729.161 288.242 581.926 330.110 134.074 242.290 578.870 770.319 74.240 237.086 853.128 708.726 834.755 22.146 343.422 599.070 118.797 
132.981 777.940 153.343 905.459 926.830 13.416 50.715 634.311 460.427 603.476 827.290 109.158 413.924 171.451 974.179 623.267 177.649 101.096 414.908 759.666 
634.689 970.663 838.293 554.940 206.626 254.753 776.821 841.152 958.595 727.536 132.376 402.695 677.971 707.219 562.197 439.833 304.391 618.190 307.449 258.683 
249.764 419.460 168.187 609.073 895.417 389.039 87.763 296.851 593.683 116.683 924.983 914.436 866.310 651.281 592.675 642.126 421.265 550.798 860.542 997.204 
244.747 649.570 62.866 983.094 713.014 31.916 400.514 852.449 232.127 256.208 419.856 294.384 455.569 180.246 639.729 803.403 677.209 357.265 593.147 391.981 
396.425 104.404 394.300 569.138 379.348 616.028 526.696 811.458 295.640 50.423 638.487 549.812 665.289 28.761 8.322 318.786 132.887 539.900 966.313 340.618 
82.508 928.447 632.397 458.745 856.667 958.487 326.786 936.728 110.388 84.681 346.069 245.325 767.174 1.450 323.136 253.707 461.855 145.190 759.720 535.317 
977.396 178.880 239.853 707.214 722.633 425.738 967.684 694.604 429.902 513.767 6.106 567.085 164.445 670.675 918.114 253.789 310.260 753.200 733.932 680.138 
307.738 917.147 161.244 155.652 535.657 260.169 307.798 364.400 594.876 487.108 715.572 502.542 987.545 579.037 663.160 776.027 48.210 683.333 837.081 423.276 
865.063 899.518 44.729 514.430 110.244 116.738 118.419 89.935 268.572 826.766 887.800 259.903 551.570 601.884 57.554 301.010 369.226 990.410 769.291 175.501 
331.936 355.859 353.630 482.772 404.853 744.782 624.194 509.472 699.759 434.551 843.782 908.791 561.692 652.240 4.714 798.788 309.581 101.288 411.899 504.589 
207.856 843.850 257.927 555.634 420.021 139.733 918.832 961.634 966.349 770.133 254.835 892.599 237.569 313.827 97.622 418.421 847.824 57.847 129.941 88.169 
809.282 891.965 456.997 287.307 653.558 423.388 257.988 65.847 942.548 352.490 162.661 61.138 466.088 254.592 421.240 164.135 128.155 131.809 645.165 272.331 
759.981 802.408 919.205 639.449 252.368 579.277 230.337 108.679 342.475 991.422 623.349 687.142 182.824 857.594 653.282 298.863 447.649 157.473 110.924 694.488 
295.840 670.946 803.811 660.472 45.944 76.623 111.276 113.829 628.399 700.181 119.601 738.656 759.215 888.366 705.180 679.092 647.313 730.323 32.386 299.015 
158.597 599.115 625.422 260.913 175.206 74.898 673.786 159.092 277.858 760.893 262.751 657.552 25.380 502.991 947.728 281.235 16.627 476.125 443.823 125.018 
17.521 921.167 734.640 73.085 250.822 237.481 181.315 19.648 827.868 516.216 60.323 922.999 753.275 955.528 400.894 370.701 854.931 934.378 179.629 526.166 
805.453 113.247 422.218 887.468 317.612 728.167 43.990 173.511 760.426 201.836 102.433 970.428 571.448 334.378 852.343 504.642 196.682 464.501 202.032 700.262 
779.021 265.722 870.362 407.876 627.133 297.763 781.813 226.058 426.490 132.862 243.259 331.762 765.979 261.031 367.954 3.719 462.687 951.886 259.494 440.193 
21.832 401.132 166.881 845.418 373.998 33.935 44.770 71.064 609.447 927.186 102.560 711.906 760.397 265.310 762.522 566.759 718.544 662.933 252.056 57.681 
83.625 854.445 880.918 90.435 57.056 776.767 979.556 610.426 935.538 858.001 648.301 127.555 303.106 589.025 667.424 594.400 190.036 469.852 299.133 486.936 
832.930 89.842 133.433 127.942 589.128 86.507 805.474 162.821 23.049 524.330 773.898 163.681 838.063 565.079 776.289 699.720 745.991 420.778 77.557 996.046 
890.967 173.802 394.012 25.761 493.325 56.146 394.344 532.961 763.296 869.553 754.947 686.162 205.650 230.580 337.060 412.147 102.560 884.050 340.558 27.941 
632.952 81.892 693.701 68.295 119.047 135.389 140.052 447.330 773.799 497.937 763.715 689.717 222.375 714.889 340.471 538.241 646.162 949.091 377.654 746.910 
775.773 508.149 576.492 652.786 673.810 893.472 980.802 769.218 64.596 449.825 159.061 899.685 418.241 219.933 991.910 386.661 934.431 709.298 356.164 195.881 
583.418 680.147 690.029 189.956 987.161 766.998 150.479 546.010 655.081 403.136 266.047 161.236 977.045 792.688 138.478 862.208 862.600 740.585 949.843 770.064 
515.827 305.506 297.200 773.007 678.745 164.324 350.520 107.855 454.625 268.330 38.558 353.356 134.463 813.936 86.708 612.654 108.788 372.242 448.522 369.890 
622.736 219.224 988.908 458.001 207.646 511.323 201.466 969.211 367.322 531.725 616.842 784.655 286.691 772.363 50.495 379.961 711.226 797.262 3.488 823.407 
503.441 858.976 237.671 807.234 471.627 635.509 797.027 831.874 554.835 595.447 516.609 910.686 958.784 404.340 350.937 198.593 526.704 101.207 795.768 619.491 
329.590 573.612 603.592 610.304 517.438 123.719 234.261 266.248 866.842 491.863 833.958 740.555 108.045 132.325 962.037 40.382 294.255 439.166 365.604 58.980 
737.491 548.703 519.982 321.825 45.312 548.425 597.264 138.542 806.978 850.695 485.275 187.652 357.040 60.917 797.305 381.186 618.992 479.663 166.753 14.548 
266.572 789.254 146.757 626.266 915.424 410.449 189.556 57.951 430.963 860.165 697.709 750.297 893.835 903.119 791.124 997.117 700.463 65.520 16.662 916.841 
74.254 207.573 232.133 587.742 768.316 402.607 138.249 731.778 827.988 993.457 864.344 980.369 151.407 748.307 422.440 900.865 102.964 64.106 74.124 786.829 
894.146 810.539 500.192 884.135 443.812 880.626 452.817 543.909 671.303 967.552 92.169 918.224 50.464 902.436 215.150 726.649 947.580 527.408 973.482 62.398 
697.057 489.640 672.070 440.123 530.840 607.109 67.618 35.303 980.894 90.735 21.737 951.698 384.941 750.682 104.547 553.909 4.747 394.547 140.308 701.743 
648.559 92.024 201.403 214.137 783.165 793.894 682.676 270.138 691.187 284.619 965.330 711.239 150.864 396.287 16.768 255.154 343.260 961.274 810.268 283.701 
800.925 748.105 961.096 754.232 317.200 6.869 476.839 64.515 319.347 280.340 324.792 644.543 267.876 230.666 174.011 830.091 481.630 772.873 830.919 235.960 
88.720 156.507 233.188 891.621 807.286 251.853 26.635 944.575 49.953 779.528 75.180 982.078 633.914 135.816 382.287 752.466 247.125 719.555 898.175 512.483 
657.201 242.703 376.186 406.219 222.950 742.140 355.002 720.155 742.339 236.175 243.121 242.357 556.039 386.579 501.162 434.473 583.837 0.042 428.549 557.776 
208.368 678.962 617.361 296.630 610.428 971.858 186.193 537.047 621.823 900.601 585.823 291.458 309.988 892.733 898.859 85.985 267.393 795.094 126.915 673.016 
772.366 55.091 23.575 558.798 608.286 956.614 181.003 295.875 258.663 352.588 533.092 536.142 922.863 695.261 18.092 358.888 330.061 680.320 469.208 974.728 
911.835 909.475 484.113 371.573 446.428 883.889 969.902 365.616 583.806 414.218 774.557 980.147 350.461 703.892 758.968 535.410 411.985 908.098 180.545 579.414 